117
9606
4990.293243
0.1204 0.0188 0.0432 0.0266 0.0520 0.0276 0.0542 0.0449 0.0801 0.0528 0.0448 0.0218 0.1211 0.0104 0.0201 0.0519 0.0372 0.0149 0.0452 0.0049 0.1070
0.000 0.000 0.000 0.000 0.000 0.000 0.000 0.000 0.000 0.000 0.000 0.000 0.000 0.000 0.000 0.000 0.000 0.000 0.000 0.000 0.996  0.0130
0.013 0.014 0.005 0.011 0.004 0.002 0.021 0.011 0.017 0.005 0.004 0.001 0.005 0.000 0.005 0.017 0.011 0.002 0.004 0.000 0.848  0.2735
0.048 0.047 0.017 0.024 0.013 0.003 0.046 0.018 0.056 0.028 0.012 0.010 0.040 0.002 0.009 0.044 0.031 0.005 0.017 0.001 0.528  0.6470
0.065 0.153 0.030 0.016 0.020 0.003 0.044 0.031 0.053 0.033 0.012 0.008 0.025 0.004 0.009 0.059 0.034 0.003 0.022 0.000 0.377  0.7379
0.063 0.092 0.005 0.005 0.009 0.007 0.015 0.008 0.015 0.043 0.077 0.024 0.107 0.007 0.041 0.027 0.027 0.012 0.123 0.008 0.284  0.7944
0.011 0.004 0.001 0.001 0.003 0.096 0.002 0.002 0.003 0.001 0.228 0.001 0.235 0.003 0.014 0.004 0.006 0.024 0.096 0.009 0.257  0.6220
0.011 0.004 0.004 0.108 0.004 0.001 0.543 0.007 0.016 0.004 0.003 0.004 0.002 0.005 0.001 0.022 0.005 0.001 0.007 0.000 0.247  0.4626
0.036 0.077 0.026 0.007 0.064 0.031 0.013 0.031 0.057 0.007 0.038 0.014 0.139 0.002 0.028 0.022 0.037 0.017 0.040 0.067 0.247  0.8519
0.117 0.018 0.051 0.041 0.026 0.001 0.103 0.054 0.136 0.028 0.007 0.012 0.008 0.001 0.002 0.082 0.051 0.002 0.023 0.000 0.234  0.7959
0.119 0.006 0.033 0.010 0.073 0.016 0.026 0.048 0.039 0.015 0.046 0.038 0.038 0.002 0.020 0.025 0.070 0.025 0.121 0.003 0.224  0.8533
0.075 0.001 0.002 0.002 0.007 0.052 0.002 0.005 0.003 0.041 0.077 0.001 0.404 0.007 0.017 0.009 0.008 0.008 0.061 0.006 0.211  0.6330
0.089 0.002 0.039 0.046 0.059 0.005 0.079 0.056 0.100 0.020 0.026 0.014 0.139 0.002 0.016 0.043 0.026 0.005 0.019 0.002 0.215  0.8338
0.083 0.004 0.041 0.031 0.075 0.002 0.062 0.095 0.185 0.056 0.005 0.009 0.016 0.002 0.016 0.067 0.030 0.005 0.012 0.001 0.203  0.8053
0.018 0.001 0.005 0.013 0.083 0.026 0.008 0.017 0.005 0.003 0.081 0.007 0.416 0.002 0.052 0.009 0.015 0.023 0.026 0.002 0.188  0.6571
0.095 0.003 0.049 0.008 0.138 0.035 0.010 0.037 0.042 0.017 0.040 0.007 0.106 0.024 0.025 0.053 0.044 0.017 0.074 0.009 0.169  0.8750
0.073 0.007 0.027 0.041 0.109 0.004 0.119 0.051 0.126 0.160 0.004 0.011 0.019 0.002 0.015 0.051 0.020 0.007 0.009 0.001 0.143  0.8206
0.032 0.004 0.003 0.015 0.010 0.027 0.048 0.014 0.044 0.008 0.044 0.005 0.129 0.007 0.055 0.024 0.033 0.010 0.054 0.001 0.434  0.7009
0.029 0.006 0.004 0.013 0.010 0.023 0.044 0.017 0.013 0.075 0.036 0.003 0.123 0.005 0.083 0.020 0.016 0.002 0.033 0.000 0.444  0.6785
0.014 0.017 0.013 0.070 0.011 0.001 0.112 0.015 0.042 0.528 0.002 0.012 0.004 0.002 0.001 0.039 0.013 0.003 0.003 0.001 0.098  0.5792
0.093 0.132 0.073 0.019 0.092 0.004 0.066 0.047 0.169 0.027 0.021 0.024 0.041 0.002 0.013 0.042 0.043 0.005 0.045 0.005 0.038  0.8769
0.147 0.024 0.047 0.025 0.023 0.001 0.199 0.039 0.265 0.060 0.005 0.008 0.009 0.001 0.006 0.072 0.032 0.001 0.020 0.000 0.015  0.7451
0.052 0.005 0.024 0.015 0.029 0.171 0.038 0.013 0.026 0.021 0.062 0.002 0.347 0.002 0.041 0.020 0.036 0.010 0.056 0.000 0.027  0.7560
0.083 0.002 0.004 0.001 0.011 0.116 0.001 0.013 0.030 0.004 0.099 0.007 0.264 0.007 0.037 0.016 0.015 0.144 0.138 0.004 0.005  0.7351
0.108 0.031 0.091 0.035 0.164 0.012 0.053 0.072 0.079 0.037 0.042 0.024 0.090 0.012 0.012 0.039 0.034 0.008 0.050 0.004 0.002  0.8907
0.038 0.010 0.115 0.025 0.141 0.003 0.081 0.058 0.321 0.020 0.014 0.013 0.018 0.001 0.021 0.061 0.038 0.003 0.015 0.002 0.001  0.7518
0.022 0.001 0.001 0.007 0.002 0.068 0.000 0.004 0.004 0.001 0.152 0.001 0.417 0.006 0.112 0.013 0.016 0.013 0.156 0.003 0.001  0.5932
0.069 0.000 0.004 0.001 0.006 0.047 0.001 0.003 0.002 0.004 0.206 0.001 0.421 0.007 0.022 0.009 0.015 0.018 0.161 0.002 0.001  0.5764
0.100 0.008 0.058 0.046 0.096 0.005 0.135 0.085 0.143 0.089 0.011 0.023 0.035 0.004 0.010 0.058 0.060 0.004 0.028 0.002 0.001  0.8528
0.065 0.003 0.070 0.017 0.061 0.011 0.063 0.038 0.045 0.029 0.078 0.011 0.204 0.008 0.080 0.062 0.084 0.006 0.062 0.000 0.001  0.8615
0.009 0.000 0.000 0.000 0.000 0.697 0.000 0.001 0.000 0.002 0.007 0.001 0.055 0.010 0.012 0.004 0.003 0.183 0.009 0.005 0.001  0.3442
0.073 0.012 0.023 0.008 0.067 0.053 0.009 0.023 0.031 0.013 0.105 0.010 0.361 0.021 0.027 0.018 0.019 0.012 0.110 0.002 0.001  0.7541
0.092 0.009 0.066 0.039 0.062 0.003 0.135 0.101 0.241 0.033 0.011 0.016 0.019 0.002 0.004 0.081 0.061 0.002 0.022 0.000 0.002  0.7949
0.023 0.003 0.018 0.053 0.026 0.002 0.286 0.114 0.199 0.036 0.005 0.026 0.017 0.004 0.010 0.100 0.060 0.006 0.009 0.002 0.002  0.7342
0.193 0.004 0.004 0.021 0.006 0.029 0.003 0.046 0.012 0.039 0.045 0.036 0.111 0.029 0.039 0.115 0.113 0.050 0.066 0.011 0.029  0.8605
0.100 0.311 0.034 0.017 0.068 0.003 0.062 0.059 0.102 0.046 0.012 0.010 0.019 0.003 0.004 0.052 0.038 0.004 0.019 0.002 0.036  0.7906
0.082 0.043 0.081 0.044 0.072 0.002 0.111 0.094 0.159 0.081 0.017 0.014 0.030 0.001 0.009 0.059 0.053 0.002 0.028 0.001 0.017  0.8675
0.063 0.003 0.039 0.024 0.120 0.039 0.085 0.071 0.030 0.015 0.040 0.036 0.163 0.016 0.023 0.050 0.067 0.061 0.040 0.007 0.008  0.9044
0.062 0.018 0.010 0.003 0.027 0.056 0.008 0.015 0.014 0.016 0.167 0.008 0.339 0.009 0.071 0.017 0.017 0.018 0.115 0.005 0.005  0.7360
0.201 0.024 0.057 0.043 0.049 0.004 0.094 0.093 0.174 0.040 0.014 0.014 0.025 0.003 0.007 0.070 0.049 0.003 0.031 0.001 0.002  0.8216
0.140 0.004 0.079 0.044 0.124 0.002 0.076 0.118 0.166 0.030 0.018 0.012 0.043 0.003 0.010 0.057 0.050 0.003 0.020 0.001 0.002  0.8220
0.025 0.001 0.001 0.000 0.000 0.036 0.000 0.001 0.000 0.003 0.258 0.000 0.512 0.006 0.102 0.004 0.006 0.003 0.038 0.002 0.003  0.4697
0.085 0.010 0.109 0.038 0.201 0.004 0.056 0.100 0.146 0.031 0.017 0.033 0.033 0.008 0.007 0.047 0.038 0.006 0.023 0.004 0.004  0.8347
0.168 0.010 0.068 0.042 0.064 0.003 0.077 0.145 0.143 0.027 0.013 0.019 0.028 0.003 0.007 0.071 0.075 0.003 0.021 0.000 0.012  0.8322
0.598 0.006 0.007 0.015 0.008 0.016 0.015 0.019 0.012 0.042 0.007 0.020 0.075 0.014 0.008 0.067 0.017 0.019 0.009 0.002 0.026  0.5718
0.078 0.003 0.004 0.006 0.020 0.043 0.005 0.013 0.008 0.008 0.179 0.016 0.291 0.015 0.037 0.017 0.011 0.040 0.135 0.015 0.056  0.7571
0.231 0.006 0.055 0.040 0.051 0.003 0.091 0.071 0.153 0.034 0.013 0.016 0.027 0.003 0.006 0.066 0.043 0.003 0.023 0.001 0.065  0.8217
0.186 0.011 0.053 0.073 0.067 0.002 0.070 0.094 0.110 0.038 0.013 0.014 0.019 0.006 0.007 0.102 0.057 0.002 0.017 0.001 0.058  0.8479
0.066 0.016 0.096 0.078 0.065 0.002 0.050 0.088 0.072 0.309 0.006 0.025 0.016 0.005 0.006 0.045 0.013 0.003 0.012 0.000 0.026  0.7841
0.022 0.007 0.018 0.137 0.028 0.001 0.605 0.039 0.059 0.007 0.001 0.010 0.006 0.001 0.002 0.028 0.011 0.002 0.003 0.001 0.013  0.5076
0.168 0.059 0.016 0.012 0.060 0.079 0.014 0.022 0.011 0.029 0.046 0.024 0.129 0.012 0.027 0.046 0.043 0.067 0.040 0.087 0.009  0.8997
0.141 0.057 0.076 0.030 0.031 0.002 0.131 0.067 0.212 0.036 0.012 0.016 0.022 0.002 0.006 0.055 0.054 0.005 0.037 0.000 0.007  0.8239
0.204 0.007 0.060 0.029 0.052 0.001 0.062 0.086 0.154 0.070 0.009 0.009 0.051 0.003 0.010 0.057 0.101 0.004 0.022 0.001 0.006  0.8185
0.225 0.003 0.001 0.001 0.012 0.034 0.000 0.004 0.000 0.008 0.133 0.001 0.312 0.008 0.027 0.011 0.021 0.016 0.168 0.012 0.004  0.6369
0.149 0.003 0.070 0.009 0.195 0.037 0.016 0.065 0.107 0.067 0.027 0.027 0.045 0.010 0.016 0.056 0.033 0.028 0.032 0.005 0.001  0.8553
0.088 0.005 0.073 0.030 0.289 0.031 0.065 0.072 0.096 0.015 0.028 0.033 0.050 0.003 0.017 0.059 0.022 0.010 0.010 0.003 0.000  0.8117
0.227 0.008 0.022 0.019 0.024 0.013 0.019 0.046 0.071 0.009 0.080 0.035 0.199 0.016 0.021 0.053 0.052 0.023 0.062 0.003 0.000  0.8201
0.675 0.000 0.000 0.001 0.000 0.006 0.000 0.000 0.000 0.029 0.026 0.001 0.079 0.015 0.009 0.057 0.020 0.000 0.079 0.000 0.000  0.4197
0.001 0.000 0.001 0.002 0.003 0.000 0.001 0.003 0.002 0.000 0.002 0.972 0.007 0.001 0.000 0.001 0.001 0.001 0.000 0.000 0.000  0.0645
0.135 0.003 0.141 0.018 0.074 0.033 0.010 0.033 0.010 0.030 0.006 0.011 0.008 0.003 0.004 0.210 0.258 0.008 0.004 0.000 0.000  0.7068
0.012 0.000 0.000 0.001 0.000 0.044 0.000 0.001 0.000 0.001 0.164 0.000 0.679 0.004 0.046 0.001 0.006 0.003 0.034 0.001 0.000  0.3703
0.024 0.000 0.825 0.005 0.078 0.000 0.000 0.006 0.002 0.007 0.003 0.020 0.005 0.002 0.002 0.007 0.003 0.003 0.006 0.000 0.000  0.2656
0.010 0.032 0.000 0.004 0.001 0.000 0.002 0.001 0.001 0.705 0.003 0.001 0.000 0.000 0.000 0.227 0.010 0.000 0.002 0.000 0.000  0.2921
0.218 0.004 0.000 0.035 0.001 0.002 0.002 0.003 0.017 0.038 0.030 0.002 0.048 0.007 0.041 0.370 0.072 0.000 0.108 0.000 0.000  0.6423
0.427 0.000 0.000 0.002 0.000 0.015 0.000 0.000 0.000 0.013 0.017 0.000 0.052 0.070 0.007 0.323 0.031 0.002 0.041 0.000 0.000  0.5140
0.323 0.001 0.018 0.008 0.087 0.004 0.011 0.013 0.011 0.279 0.008 0.004 0.076 0.010 0.013 0.089 0.015 0.005 0.021 0.002 0.000  0.6561
0.053 0.001 0.000 0.399 0.001 0.009 0.006 0.024 0.008 0.024 0.022 0.010 0.030 0.004 0.041 0.151 0.140 0.054 0.021 0.001 0.000  0.6668
0.016 0.000 0.000 0.000 0.000 0.123 0.000 0.000 0.000 0.001 0.200 0.002 0.345 0.025 0.062 0.004 0.009 0.011 0.201 0.000 0.000  0.5743
0.039 0.001 0.005 0.006 0.011 0.004 0.008 0.005 0.013 0.801 0.000 0.008 0.002 0.025 0.002 0.060 0.004 0.004 0.002 0.000 0.000  0.3102
0.602 0.002 0.001 0.004 0.003 0.063 0.002 0.001 0.004 0.027 0.044 0.001 0.127 0.017 0.038 0.007 0.015 0.002 0.040 0.000 0.000  0.5005
0.067 0.053 0.068 0.050 0.066 0.021 0.060 0.052 0.081 0.029 0.038 0.028 0.072 0.005 0.049 0.060 0.116 0.009 0.066 0.009 0.000  0.9313
0.168 0.053 0.080 0.025 0.181 0.004 0.051 0.074 0.093 0.062 0.012 0.021 0.024 0.003 0.006 0.067 0.041 0.009 0.024 0.003 0.000  0.8383
0.064 0.004 0.000 0.000 0.000 0.039 0.001 0.001 0.002 0.005 0.079 0.001 0.573 0.007 0.058 0.006 0.012 0.002 0.146 0.001 0.001  0.4891
0.282 0.004 0.036 0.007 0.066 0.035 0.003 0.101 0.027 0.057 0.009 0.035 0.017 0.014 0.018 0.150 0.031 0.055 0.048 0.005 0.001  0.7975
0.158 0.009 0.059 0.041 0.067 0.004 0.121 0.103 0.213 0.035 0.008 0.024 0.025 0.002 0.010 0.052 0.041 0.010 0.012 0.002 0.004  0.8112
0.199 0.008 0.024 0.007 0.035 0.015 0.012 0.042 0.025 0.005 0.097 0.020 0.297 0.024 0.025 0.033 0.046 0.014 0.065 0.005 0.001  0.7705
0.464 0.000 0.000 0.002 0.000 0.022 0.001 0.000 0.000 0.012 0.022 0.000 0.070 0.260 0.011 0.071 0.022 0.006 0.035 0.001 0.001  0.5337
0.174 0.000 0.103 0.019 0.117 0.021 0.027 0.108 0.108 0.060 0.022 0.015 0.070 0.007 0.010 0.067 0.031 0.015 0.022 0.003 0.001  0.8445
0.139 0.006 0.081 0.024 0.108 0.005 0.075 0.125 0.210 0.018 0.013 0.017 0.038 0.003 0.009 0.038 0.051 0.012 0.025 0.002 0.001  0.8103
0.055 0.000 0.000 0.000 0.001 0.022 0.001 0.004 0.001 0.018 0.211 0.002 0.511 0.005 0.064 0.003 0.008 0.005 0.077 0.006 0.003  0.5213
0.005 0.000 0.001 0.006 0.016 0.001 0.026 0.051 0.807 0.004 0.003 0.005 0.008 0.005 0.012 0.007 0.015 0.003 0.023 0.000 0.002  0.3148
0.103 0.001 0.091 0.047 0.088 0.009 0.063 0.129 0.103 0.023 0.025 0.046 0.056 0.003 0.027 0.062 0.088 0.010 0.023 0.001 0.003  0.8763
0.294 0.009 0.040 0.024 0.043 0.015 0.027 0.055 0.035 0.027 0.044 0.020 0.149 0.019 0.054 0.055 0.027 0.026 0.026 0.006 0.003  0.8284
0.312 0.013 0.008 0.006 0.006 0.012 0.012 0.005 0.013 0.171 0.058 0.003 0.169 0.066 0.008 0.054 0.023 0.006 0.045 0.003 0.007  0.7156
0.071 0.015 0.235 0.024 0.317 0.004 0.035 0.037 0.055 0.030 0.016 0.025 0.041 0.002 0.011 0.032 0.022 0.003 0.014 0.001 0.010  0.7385
0.166 0.018 0.056 0.085 0.044 0.005 0.089 0.093 0.128 0.046 0.009 0.026 0.023 0.004 0.005 0.099 0.063 0.007 0.016 0.004 0.013  0.8550
0.063 0.019 0.058 0.079 0.045 0.003 0.063 0.067 0.087 0.352 0.007 0.024 0.019 0.007 0.006 0.047 0.015 0.003 0.008 0.002 0.025  0.7691
0.064 0.028 0.045 0.091 0.056 0.007 0.223 0.078 0.092 0.042 0.016 0.020 0.033 0.005 0.007 0.064 0.043 0.004 0.021 0.014 0.047  0.8717
0.087 0.070 0.028 0.015 0.032 0.039 0.039 0.028 0.049 0.031 0.057 0.013 0.199 0.004 0.034 0.051 0.065 0.019 0.053 0.029 0.057  0.9152
0.140 0.060 0.031 0.031 0.027 0.005 0.154 0.045 0.169 0.042 0.018 0.014 0.026 0.003 0.008 0.072 0.060 0.002 0.029 0.003 0.059  0.8512
0.109 0.028 0.039 0.049 0.049 0.006 0.094 0.070 0.136 0.109 0.015 0.016 0.040 0.004 0.008 0.057 0.047 0.006 0.025 0.003 0.090  0.8868
0.221 0.017 0.011 0.005 0.016 0.019 0.019 0.012 0.017 0.029 0.132 0.003 0.165 0.032 0.022 0.034 0.032 0.017 0.100 0.010 0.088  0.8140
0.137 0.081 0.051 0.026 0.065 0.008 0.075 0.065 0.125 0.048 0.020 0.017 0.052 0.004 0.013 0.061 0.048 0.007 0.034 0.001 0.062  0.9009
0.163 0.065 0.043 0.024 0.056 0.005 0.076 0.069 0.158 0.050 0.022 0.016 0.032 0.004 0.007 0.067 0.050 0.002 0.042 0.001 0.046  0.8722
0.103 0.009 0.030 0.020 0.040 0.017 0.042 0.047 0.046 0.017 0.041 0.029 0.332 0.018 0.031 0.029 0.030 0.021 0.039 0.023 0.037  0.8368
0.056 0.006 0.009 0.004 0.017 0.084 0.003 0.010 0.005 0.007 0.129 0.017 0.344 0.017 0.048 0.014 0.019 0.053 0.121 0.014 0.024  0.7460
0.171 0.073 0.051 0.040 0.042 0.004 0.110 0.085 0.146 0.037 0.012 0.018 0.033 0.002 0.007 0.066 0.049 0.004 0.029 0.001 0.020  0.8559
0.143 0.022 0.068 0.027 0.101 0.003 0.073 0.137 0.161 0.029 0.016 0.016 0.048 0.005 0.006 0.051 0.048 0.004 0.026 0.002 0.015  0.8454
0.049 0.002 0.000 0.000 0.001 0.075 0.000 0.001 0.001 0.002 0.148 0.000 0.514 0.007 0.038 0.003 0.016 0.003 0.121 0.004 0.014  0.5318
0.077 0.015 0.093 0.030 0.096 0.009 0.065 0.073 0.219 0.028 0.034 0.021 0.063 0.010 0.013 0.050 0.037 0.007 0.043 0.002 0.016  0.8696
0.163 0.021 0.065 0.039 0.079 0.005 0.075 0.108 0.120 0.033 0.018 0.025 0.034 0.004 0.008 0.071 0.073 0.005 0.034 0.002 0.019  0.8718
0.172 0.004 0.021 0.016 0.026 0.006 0.033 0.060 0.309 0.012 0.026 0.019 0.079 0.029 0.011 0.047 0.040 0.009 0.047 0.001 0.032  0.7872
0.048 0.000 0.005 0.007 0.010 0.161 0.001 0.008 0.003 0.011 0.084 0.016 0.272 0.021 0.033 0.018 0.013 0.160 0.072 0.024 0.034  0.7544
0.141 0.022 0.054 0.047 0.060 0.005 0.117 0.093 0.175 0.037 0.016 0.024 0.033 0.002 0.006 0.054 0.048 0.007 0.020 0.001 0.038  0.8588
0.129 0.027 0.070 0.026 0.184 0.004 0.045 0.104 0.129 0.019 0.023 0.020 0.056 0.006 0.007 0.041 0.037 0.003 0.026 0.002 0.042  0.8528
0.141 0.000 0.002 0.004 0.002 0.045 0.010 0.005 0.008 0.016 0.057 0.005 0.211 0.008 0.011 0.058 0.125 0.006 0.236 0.001 0.048  0.7238
0.050 0.002 0.096 0.014 0.120 0.019 0.014 0.048 0.055 0.011 0.096 0.014 0.171 0.043 0.029 0.024 0.030 0.013 0.091 0.003 0.058  0.8751
0.185 0.027 0.059 0.040 0.060 0.004 0.083 0.081 0.126 0.031 0.018 0.016 0.031 0.003 0.005 0.071 0.058 0.003 0.033 0.001 0.063  0.8647
0.282 0.002 0.022 0.009 0.032 0.047 0.026 0.052 0.146 0.036 0.026 0.020 0.049 0.011 0.008 0.043 0.025 0.034 0.041 0.018 0.071  0.8352
0.039 0.001 0.002 0.001 0.002 0.061 0.001 0.002 0.002 0.003 0.177 0.002 0.487 0.008 0.030 0.006 0.006 0.015 0.067 0.003 0.087  0.5667
0.089 0.013 0.097 0.038 0.129 0.003 0.056 0.086 0.131 0.026 0.016 0.017 0.044 0.004 0.010 0.048 0.039 0.002 0.017 0.001 0.133  0.8574
0.138 0.013 0.051 0.032 0.071 0.003 0.053 0.092 0.096 0.040 0.011 0.019 0.024 0.003 0.004 0.065 0.048 0.003 0.019 0.001 0.213  0.8323
0.050 0.003 0.015 0.010 0.038 0.051 0.012 0.024 0.062 0.016 0.037 0.021 0.116 0.005 0.013 0.013 0.013 0.080 0.026 0.054 0.341  0.7892
0.028 0.007 0.020 0.003 0.032 0.023 0.011 0.017 0.014 0.012 0.051 0.004 0.202 0.007 0.013 0.017 0.016 0.014 0.034 0.002 0.472  0.6322
0.062 0.011 0.028 0.020 0.024 0.003 0.026 0.030 0.047 0.023 0.005 0.009 0.012 0.002 0.002 0.030 0.015 0.002 0.008 0.001 0.640  0.5241
0.020 0.005 0.023 0.011 0.015 0.000 0.008 0.025 0.024 0.013 0.004 0.006 0.006 0.001 0.001 0.020 0.015 0.000 0.003 0.000 0.798  0.3381
0.005 0.002 0.005 0.006 0.009 0.001 0.002 0.010 0.004 0.001 0.002 0.005 0.006 0.001 0.001 0.003 0.002 0.003 0.002 0.000 0.928  0.1500
0.001 0.000 0.000 0.001 0.001 0.000 0.001 0.001 0.001 0.003 0.000 0.001 0.000 0.000 0.000 0.000 0.000 0.000 0.001 0.000 0.988  0.0323
